VID,MPH,LAT,LON,TIME
VID,MPH,LAT,LON,TIME
1,1774,11,43.00957987858699,-76.15656221829929,20200210 22:32
1,1755,9,43.04065484267015,-76.13789367675781,20200210 22:32
1,1251,19,43.03396617832468,-76.12959335099406,20200210 22:32
1,1626,0,43.016526666666664,-76.11925666666667,20200210 22:32
2,1774,23,43.009065489838086,-76.15630008863366,20200210 22:32
2,1755,5,43.0405387878418,-76.13754522150214,20200210 22:32
2,1251,30,43.03275264910798,-76.12947936556232,20200210 22:32
2,1626,0,43.016526666666664,-76.11925666666667,20200210 22:32
3,1774,21,43.00802159863849,-76.15575586363326,20200210 22:32
3,1755,5,43.0405387878418,-76.13754522150214,20200210 22:32
3,1251,30,43.0321159362793,-76.12941523960659,20200210 22:32
3,1626,0,43.016526666666664,-76.11925666666667,20200210 22:32
4,1774,21,43.00782981285682,-76.15565432035007,20200210 22:32
4,1755,11,43.0405387878418,-76.13673696210307,20200210 22:32
4,1251,30,43.0321159362793,-76.12941523960659,20200210 22:32
4,1626,0,43.0164909362793,-76.1192626953125,20200210 22:32
5,1774,20,43.00715194209929,-76.15530641617313,20200210 22:33
5,1755,11,43.0405387878418,-76.13673696210307,20200210 22:32
5,1251,30,43.0321159362793,-76.12941523960659,20200210 22:32
5,1626,0,43.0164909362793,-76.1192626953125,20200210 22:32
6,1774,20,43.00665786049583,-76.15505079789595,20200210 22:33
6,1755,11,43.0405387878418,-76.13673696210307,20200210 22:32
6,1251,30,43.0321159362793,-76.12941523960659,20200210 22:32
6,1626,0,43.0164909362793,-76.1192626953125,20200210 22:32
7,1774,19,43.00637944539388,-76.15490595499675,20200210 22:33
7,1755,11,43.0405387878418,-76.13673696210307,20200210 22:32
7,1251,28,43.02864345605823,-76.12909720600516,20200210 22:33
7,1626,0,43.0164909362793,-76.1192626953125,20200210 22:32
8,1774,22,43.005640968443856,-76.15452224489242,20200210 22:33
8,1755,13,43.04051971435547,-76.13461946186267,20200210 22:33
8,1251,28,43.02864345605823,-76.12909720600516,20200210 22:33
8,1626,0,43.0164909362793,-76.1192626953125,20200210 22:32
9,1774,25,43.00511455535889,-76.15424919128418,20200210 22:33
9,1755,13,43.04051971435547,-76.13461946186267,20200210 22:33
9,1251,28,43.02864345605823,-76.12909720600516,20200210 22:33
9,1626,18,43.01577099299027,-76.11937054133011,20200210 22:33
10,1774,26,43.00434052944183,-76.15384268760681,20200210 22:33
10,1755,9,43.04050827026367,-76.13397511264733,20200210 22:33
10,1251,28,43.02864345605823,-76.12909720600516,20200210 22:33
10,1626,18,43.01577099299027,-76.11937054133011,20200210 22:33
11,1774,24,43.004019021987915,-76.15367615222931,20200210 22:33
11,1755,9,43.04050827026367,-76.13397511264733,20200210 22:33
11,1251,18,43.02717653910319,-76.12832514444987,20200210 22:33
11,1626,18,43.01577099299027,-76.11937054133011,20200210 22:33
12,1774,22,43.003477137139505,-76.15339871670338,20200210 22:33
12,1755,9,43.04050827026367,-76.13348279680524,20200210 22:33
12,1251,20,43.026410144308336,-76.12786997919497,20200210 22:33
12,1626,18,43.01577099299027,-76.11937054133011,20200210 22:33
13,1774,9,43.00257821516557,-76.15316772460938,20200210 22:33
13,1755,9,43.04050827026367,-76.13348279680524,20200210 22:33
13,1251,11,43.025363654421085,-76.1277408265231,20200210 22:34
13,1626,15,43.01451873779297,-76.11956579034978,20200210 22:33
14,1774,9,43.00257821516557,-76.15316772460938,20200210 22:33
14,1755,9,43.04050827026367,-76.13348279680524,20200210 22:33
14,1251,11,43.025363654421085,-76.1277408265231,20200210 22:34
14,1626,15,43.01451873779297,-76.11956579034978,20200210 22:33
15,1774,9,43.00257821516557,-76.15316772460938,20200210 22:33
15,1755,9,43.04050827026367,-76.13348279680524,20200210 22:33
15,1251,11,43.025363654421085,-76.1277408265231,20200210 22:34
15,1626,15,43.01451873779297,-76.11956579034978,20200210 22:33
16,1774,25,43.002131652832034,-76.1537239074707,20200210 22:34
16,1755,9,43.04050827026367,-76.13348279680524,20200210 22:33
16,1251,11,43.025363654421085,-76.1277408265231,20200210 22:34
16,1626,15,43.01451873779297,-76.11956579034978,20200210 22:33
17,1774,37,43.00238661332564,-76.1552751714533,20200210 22:34
17,1755,9,43.04049979315864,-76.13138665093317,20200210 22:34
17,1251,11,43.025363654421085,-76.1277408265231,20200210 22:34
17,1626,13,43.01636244121351,-76.12090462132504,20200210 22:34
18,1774,37,43.00238661332564,-76.1552751714533,20200210 22:34
18,1755,9,43.04049979315864,-76.13138665093317,20200210 22:34
18,1251,20,43.023929595947266,-76.12763055165608,20200210 22:34
18,1626,13,43.01636244121351,-76.12090462132504,20200210 22:34
19,1774,37,43.00238661332564,-76.1552751714533,20200210 22:34
19,1755,9,43.04049979315864,-76.13138665093317,20200210 22:34
19,1251,20,43.023929595947266,-76.12763055165608,20200210 22:34
19,1626,13,43.01636244121351,-76.12090462132504,20200210 22:34
20,1774,37,43.00238661332564,-76.1552751714533,20200210 22:34
20,1755,9,43.04049979315864,-76.13138665093317,20200210 22:34
20,1251,20,43.023929595947266,-76.12763055165608,20200210 22:34
20,1626,13,43.01636244121351,-76.12090462132504,20200210 22:34
21,1774,37,43.00238661332564,-76.1552751714533,20200210 22:34
21,1755,9,43.040199279785156,-76.13016510009766,20200210 22:34
21,1251,7,43.02317059834798,-76.12650883992514,20200210 22:34
21,1626,13,43.01636244121351,-76.12090462132504,20200210 22:34
22,1774,37,43.00238661332564,-76.1552751714533,20200210 22:34
22,1755,9,43.040199279785156,-76.13016510009766,20200210 22:34
22,1251,21,43.02286224365234,-76.12578125,20200210 22:34
22,1626,16,43.01685081644261,-76.12037463898355,20200210 22:34
23,1774,27,43.00422575667098,-76.16124807821738,20200210 22:34
23,1755,9,43.040199279785156,-76.13016510009766,20200210 22:34
23,1251,21,43.02286224365234,-76.12578125,20200210 22:34
23,1626,16,43.01685081644261,-76.12037463898355,20200210 22:34
24,1774,27,43.00422575667098,-76.16124807821738,20200210 22:34
24,1755,9,43.040199279785156,-76.13016510009766,20200210 22:34
24,1251,24,43.02257461547852,-76.12510935465495,20200210 22:35
24,1626,11,43.017306107741135,-76.11997868464543,20200210 22:35
25,1774,27,43.00422575667098,-76.16124807821738,20200210 22:34
25,1755,9,43.040199279785156,-76.13016510009766,20200210 22:34
25,1251,24,43.02257461547852,-76.12510935465495,20200210 22:35
25,1626,11,43.017306107741135,-76.11997868464543,20200210 22:35
26,1774,27,43.00422575667098,-76.16124807821738,20200210 22:34
26,1755,9,43.040199279785156,-76.13016510009766,20200210 22:34
26,1251,24,43.02257461547852,-76.12510935465495,20200210 22:35
26,1626,15,43.01769018173218,-76.11977073124477,20200210 22:35
27,1774,27,43.00422575667098,-76.16124807821738,20200210 22:34
27,1755,7,43.0394229888916,-76.13008689880371,20200210 22:35
27,1251,24,43.02257461547852,-76.12510935465495,20200210 22:35
27,1626,15,43.01769018173218,-76.11977073124477,20200210 22:35
28,1774,22,43.00551902957079,-76.16479920177925,20200210 22:35
28,1755,7,43.0394229888916,-76.13008689880371,20200210 22:35
28,1251,11,43.0218654979359,-76.12361191258286,20200210 22:35
28,1626,19,43.01811842484908,-76.11834647438742,20200210 22:35
29,1774,22,43.00551902957079,-76.16479920177925,20200210 22:35
29,1755,7,43.0394229888916,-76.13008689880371,20200210 22:35
29,1251,11,43.0218654979359,-76.12361191258286,20200210 22:35
29,1626,19,43.01811842484908,-76.11834647438742,20200210 22:35
30,1774,22,43.00551902957079,-76.16479920177925,20200210 22:35
30,1755,7,43.0394229888916,-76.13008689880371,20200210 22:35
30,1251,11,43.0218654979359,-76.12361191258286,20200210 22:35
30,1626,8,43.018654132711475,-76.1181122352337,20200210 22:35
