VID,MPH,LAT,LON,TIME
1,1774,20,43.00569152832031,-76.16803683874743,20200210 22:36
1,1755,15,43.039398193359375,-76.13159942626953,20200210 22:36
1,1251,18,43.019249883191335,-76.12301872516501,20200210 22:36
1,1626,8,43.018654132711475,-76.1181122352337,20200210 22:35
2,1774,19,43.00601053237915,-76.16608079274495,20200210 22:36
2,1755,15,43.039398193359375,-76.13159942626953,20200210 22:36
2,1251,18,43.01978588104248,-76.12321472167969,20200210 22:36
2,1626,16,43.01945068359375,-76.11615203857421,20200210 22:36
3,1774,19,43.00601053237915,-76.16608079274495,20200210 22:36
3,1755,0,43.03810823880709,-76.1315207848182,20200210 22:36
3,1251,18,43.01978588104248,-76.12321472167969,20200210 22:36
3,1626,16,43.020714536626286,-76.11660831532579,20200210 22:36
4,1774,19,43.00601053237915,-76.16608079274495,20200210 22:36
4,1755,0,43.03810823880709,-76.1315207848182,20200210 22:36
4,1251,18,43.01978588104248,-76.12321472167969,20200210 22:36
4,1626,16,43.020714536626286,-76.11660831532579,20200210 22:36
5,1774,19,43.00601053237915,-76.16608079274495,20200210 22:36
5,1755,0,43.03810823880709,-76.1315207848182,20200210 22:36
5,1251,18,43.01978588104248,-76.12321472167969,20200210 22:36
5,1626,13,43.021148681640625,-76.11691284179688,20200210 22:37
6,1774,5,43.007259438254614,-76.16500008322976,20200210 22:37
6,1755,0,43.03810823880709,-76.1315207848182,20200210 22:36
6,1251,19,43.02169227600098,-76.12208557128906,20200210 22:37
6,1626,13,43.021148681640625,-76.11691284179688,20200210 22:37
7,1774,5,43.007259438254614,-76.16500008322976,20200210 22:37
7,1755,0,43.03810823880709,-76.1315207848182,20200210 22:36
7,1251,16,43.02175502777099,-76.12160034179688,20200210 22:37
7,1626,13,43.021148681640625,-76.11691284179688,20200210 22:37
8,1774,5,43.007259438254614,-76.16500008322976,20200210 22:37
8,1755,0,43.03810823880709,-76.1315207848182,20200210 22:37
8,1251,19,43.021654764811196,-76.12078391181097,20200210 22:37
8,1626,17,43.021559260441705,-76.11817122239333,20200210 22:37
9,1774,5,43.007259438254614,-76.16500008322976,20200210 22:37
9,1755,0,43.03810823880709,-76.1315207848182,20200210 22:37
9,1251,19,43.021654764811196,-76.12078391181097,20200210 22:37
9,1626,15,43.02154828585111,-76.11841536301833,20200210 22:37
10,1774,5,43.007259438254614,-76.16500008322976,20200210 22:37
10,1755,0,43.03810823880709,-76.1315207848182,20200210 22:37
10,1251,10,43.021487125130584,-76.119648245878,20200210 22:37
10,1626,15,43.02154828585111,-76.11841536301833,20200210 22:37
11,1774,19,43.00861872159518,-76.16361794104942,20200210 22:37
11,1755,0,43.03810823880709,-76.1315207848182,20200210 22:37
11,1251,10,43.021487125130584,-76.119648245878,20200210 22:37
11,1626,13,43.02151001331418,-76.11928522864054,20200210 22:37
12,1774,19,43.00861872159518,-76.16361794104942,20200210 22:37
12,1755,0,43.03810823880709,-76.1315207848182,20200210 22:37
12,1251,10,43.021487125130584,-76.119648245878,20200210 22:37
12,1626,15,43.02148860584606,-76.11958493319425,20200210 22:37
13,1774,17,43.0086758054536,-76.16363183383284,20200210 22:37
13,1755,9,43.03768705285114,-76.1314989172894,20200210 22:37
13,1251,10,43.021487125130584,-76.119648245878,20200210 22:37
13,1626,15,43.02148860584606,-76.11958493319425,20200210 22:37
14,1774,15,43.00835775821767,-76.1636459675241,20200210 22:37
14,1755,9,43.03768705285114,-76.1314989172894,20200210 22:37
14,1251,10,43.021487125130584,-76.119648245878,20200210 22:37
14,1626,15,43.02148860584606,-76.11958493319425,20200210 22:37
15,1774,15,43.00835775821767,-76.1636459675241,20200210 22:37
15,1755,3,43.03712158203125,-76.13144226074219,20200210 22:38
15,1251,13,43.02152786254883,-76.11891632080078,20200210 22:38
15,1626,16,43.021614498562286,-76.12066480848524,20200210 22:38
16,1774,15,43.00835775821767,-76.1636459675241,20200210 22:37
16,1755,3,43.03712158203125,-76.13144226074219,20200210 22:38
16,1251,13,43.02152786254883,-76.11891632080078,20200210 22:38
16,1626,16,43.02162191602919,-76.12068854437933,20200210 22:38
17,1774,15,43.00835775821767,-76.1636459675241,20200210 22:37
17,1755,3,43.03712158203125,-76.13144226074219,20200210 22:38
17,1251,3,43.02156066894531,-76.11810482249541,20200210 22:38
17,1626,20,43.021758270263675,-76.12137985229492,20200210 22:38
18,1755,3,43.03712158203125,-76.13144226074219,20200210 22:38
18,1251,3,43.02156066894531,-76.11810482249541,20200210 22:38
18,1626,20,43.021758270263675,-76.12137985229492,20200210 22:38
18,1203,17,43.04851150512695,-76.13778393085187,20200210 22:38
19,1755,12,43.036219914754234,-76.13080596923828,20200210 22:38
19,1251,3,43.02156066894531,-76.11810482249541,20200210 22:38
19,1626,20,43.021758270263675,-76.12137985229492,20200210 22:38
19,1203,17,43.04851150512695,-76.13778393085187,20200210 22:38
20,1755,12,43.036219914754234,-76.13080596923828,20200210 22:38
20,1251,3,43.02156066894531,-76.11808361726649,20200210 22:38
20,1626,20,43.021758270263675,-76.12137985229492,20200210 22:38
20,1203,17,43.04851150512695,-76.13778393085187,20200210 22:38
21,1755,12,43.036219914754234,-76.13080596923828,20200210 22:38
21,1251,3,43.02156066894531,-76.11808361726649,20200210 22:38
21,1626,20,43.021758270263675,-76.12137985229492,20200210 22:38
21,1203,17,43.04851150512695,-76.13778393085187,20200210 22:38
22,1755,12,43.036219914754234,-76.13080596923828,20200210 22:38
22,1251,17,43.021453788063745,-76.11741430109197,20200210 22:38
22,1626,20,43.020045647254356,-76.12327399620644,20200210 22:38
22,1203,8,43.04750837128738,-76.13774108886719,20200210 22:38
23,1755,12,43.036219914754234,-76.13080596923828,20200210 22:38
23,1251,16,43.021174592791866,-76.11695170852373,20200210 22:38
23,1626,20,43.020045647254356,-76.12327399620644,20200210 22:38
23,1203,8,43.04750837128738,-76.13774108886719,20200210 22:38
24,1755,15,43.03632181340998,-76.12889168479226,20200210 22:39
24,1251,16,43.021174592791866,-76.11695170852373,20200210 22:38
24,1626,20,43.020045647254356,-76.12327399620644,20200210 22:38
24,1203,8,43.04750837128738,-76.13774108886719,20200210 22:38
25,1755,15,43.03634501311738,-76.12809999110335,20200210 22:39
25,1251,16,43.021174592791866,-76.11695170852373,20200210 22:38
25,1626,20,43.020045647254356,-76.12327399620644,20200210 22:38
25,1203,8,43.04750837128738,-76.13774108886719,20200210 22:38
26,1774,11,43.00749969482422,-76.16441345214844,20200210 22:40
26,1755,9,43.03650549183721,-76.12524248206097,20200210 22:40
26,1251,12,43.01885507273119,-76.1161644514217,20200210 22:40
26,1626,24,43.01982498168945,-76.12352752685547,20200210 22:39
27,1774,11,43.00749969482422,-76.16441345214844,20200210 22:40
27,1755,12,43.03651754406915,-76.12488909735195,20200210 22:40
27,1251,12,43.01885507273119,-76.1161644514217,20200210 22:40
27,1626,24,43.01982498168945,-76.12352752685547,20200210 22:39
28,1774,11,43.00749969482422,-76.16441345214844,20200210 22:40
28,1755,13,43.0365385055542,-76.12443758646647,20200210 22:40
28,1251,12,43.01885507273119,-76.1161644514217,20200210 22:40
28,1626,24,43.01982498168945,-76.12352752685547,20200210 22:39
29,1774,19,43.00624084472656,-76.16551208496094,20200210 22:40
29,1755,13,43.03656787872315,-76.12385940551758,20200210 22:40
29,1251,12,43.01885507273119,-76.1161644514217,20200210 22:40
29,1626,0,43.02098507351346,-76.12382337782118,20200210 22:40
30,1774,19,43.00624084472656,-76.16551208496094,20200210 22:40
30,1755,15,43.03661358356476,-76.12308764457703,20200210 22:40
30,1251,7,43.01819480092902,-76.11624386436061,20200210 22:40
30,1626,0,43.02098507351346,-76.12382337782118,20200210 22:40
31,1774,21,43.005950927734375,-76.16647338867188,20200210 22:40
31,1755,15,43.03661358356476,-76.12308764457703,20200210 22:40
31,1251,7,43.01819480092902,-76.11624386436061,20200210 22:40
31,1626,0,43.02098507351346,-76.12382337782118,20200210 22:40
32,1774,21,43.00577163696289,-76.16759490966797,20200210 22:40
32,1755,15,43.03661358356476,-76.12308764457703,20200210 22:40
32,1251,7,43.01819480092902,-76.11624386436061,20200210 22:40
32,1626,0,43.02098507351346,-76.12382337782118,20200210 22:40
33,1774,21,43.00577163696289,-76.16759490966797,20200210 22:40
33,1755,8,43.03675401210785,-76.12022399902344,20200210 22:41
33,1251,15,43.018775068010605,-76.1179214477539,20200210 22:41
33,1626,12,43.02126624367454,-76.1237723610618,20200210 22:40
34,1774,18,43.006439208984375,-76.16915893554688,20200210 22:41
34,1755,8,43.03675401210785,-76.12022399902344,20200210 22:41
34,1251,15,43.01825538048377,-76.11834129920372,20200210 22:41
34,1626,15,43.02274661593967,-76.12550947401259,20200210 22:41
35,1774,18,43.006439208984375,-76.16915893554688,20200210 22:41
35,1755,0,43.03675955533981,-76.1201057434082,20200210 22:41
35,1251,15,43.017657103361906,-76.11908665409794,20200210 22:41
35,1626,26,43.02311945769746,-76.1263258335954,20200210 22:41
36,1774,18,43.006439208984375,-76.16915893554688,20200210 22:41
36,1755,0,43.03675955533981,-76.1201057434082,20200210 22:41
36,1251,15,43.017657103361906,-76.11908665409794,20200210 22:41
36,1626,26,43.02311945769746,-76.1263258335954,20200210 22:41
37,1774,18,43.006439208984375,-76.16915893554688,20200210 22:41
37,1755,0,43.03675955533981,-76.1201057434082,20200210 22:41
37,1251,15,43.017657103361906,-76.11908665409794,20200210 22:41
37,1626,26,43.02311945769746,-76.1263258335954,20200210 22:41
38,1774,4,43.00722122192383,-76.16844177246094,20200210 22:41
38,1755,0,43.03675955533981,-76.1201057434082,20200210 22:41
38,1251,15,43.017657103361906,-76.11908665409794,20200210 22:41
38,1626,26,43.02311945769746,-76.1263258335954,20200210 22:41
39,1774,4,43.00722122192383,-76.16844177246094,20200210 22:41
39,1755,0,43.03675955533981,-76.1201057434082,20200210 22:41
39,1251,6,43.017667558458115,-76.11989084879558,20200210 22:42
39,1626,10,43.024735586983816,-76.12780325753349,20200210 22:41
40,1774,4,43.00722122192383,-76.16844177246094,20200210 22:41
40,1755,0,43.03675955533981,-76.1201057434082,20200210 22:41
40,1251,5,43.01763788859049,-76.11991373697917,20200210 22:42
40,1626,10,43.024735586983816,-76.12780325753349,20200210 22:41
41,1774,4,43.00722122192383,-76.16844177246094,20200210 22:41
41,1755,0,43.03678198920356,-76.11909874810112,20200210 22:42
41,1251,5,43.01763788859049,-76.11991373697917,20200210 22:42
41,1626,10,43.024735586983816,-76.12780325753349,20200210 22:41
42,1774,4,43.00722122192383,-76.16844177246094,20200210 22:41
42,1755,0,43.03678198920356,-76.11909874810112,20200210 22:42
42,1251,5,43.01763788859049,-76.11991373697917,20200210 22:42
42,1626,10,43.024735586983816,-76.12780325753349,20200210 22:41
43,1774,2,43.007598876953125,-76.16709899902344,20200210 22:42
43,1755,9,43.03681182861328,-76.11893796920776,20200210 22:42
43,1251,5,43.01763788859049,-76.11991373697917,20200210 22:42
43,1626,10,43.024735586983816,-76.12780325753349,20200210 22:41
44,1774,2,43.007598876953125,-76.16709899902344,20200210 22:42
44,1755,16,43.037439703941345,-76.11898922920227,20200210 22:42
44,1251,15,43.01642407869038,-76.12087691457648,20200210 22:42
44,1626,15,43.02564038728413,-76.12770415188973,20200210 22:42
45,1774,2,43.007598876953125,-76.16709899902344,20200210 22:42
45,1755,16,43.037439703941345,-76.11898922920227,20200210 22:42
45,1251,15,43.01642407869038,-76.12087691457648,20200210 22:42
45,1626,22,43.02626001267206,-76.12779817127046,20200210 22:42
46,1774,9,43.007568359375,-76.16837310791016,20200210 22:42
46,1755,15,43.03837025165558,-76.119069814682,20200210 22:42
46,1251,17,43.01585061209543,-76.12084851946149,20200210 22:42
46,1626,18,43.02699353959825,-76.12821939256456,20200210 22:42
47,1774,9,43.007568359375,-76.16837310791016,20200210 22:42
47,1755,10,43.038928846879436,-76.1191196788441,20200210 22:43
47,1251,12,43.01528427817605,-76.1207767833363,20200210 22:43
47,1626,18,43.02699353959825,-76.12821939256456,20200210 22:42
48,1774,9,43.007568359375,-76.16837310791016,20200210 22:42
48,1755,15,43.03925455266779,-76.11914728338068,20200210 22:43
48,1251,13,43.014827728271484,-76.12039642333984,20200210 22:43
48,1626,32,43.02943558623825,-76.12916918768398,20200210 22:43
49,1774,13,43.007171630859375,-76.16885375976562,20200210 22:43
49,1755,15,43.03925455266779,-76.11914728338068,20200210 22:43
49,1251,13,43.014827728271484,-76.12039642333984,20200210 22:43
49,1626,32,43.02943558623825,-76.12916918768398,20200210 22:43
50,1774,13,43.007171630859375,-76.16885375976562,20200210 22:43
50,1755,15,43.03979324572014,-76.11918755733606,20200210 22:43
50,1251,11,43.01454564144737,-76.11971363268401,20200210 22:43
50,1626,32,43.02943558623825,-76.12916918768398,20200210 22:43
51,1774,13,43.007171630859375,-76.16885375976562,20200210 22:43
51,1755,15,43.03979324572014,-76.11918755733606,20200210 22:43
51,1251,18,43.01462820301885,-76.1190830728282,20200210 22:43
51,1626,33,43.03180912562779,-76.12938726515998,20200210 22:43
52,1774,13,43.007171630859375,-76.16885375976562,20200210 22:43
52,1755,15,43.03979324572014,-76.11918755733606,20200210 22:43
52,1251,18,43.01462820301885,-76.1190830728282,20200210 22:43
52,1626,30,43.032402096372664,-76.1294463186553,20200210 22:43
53,1774,13,43.007171630859375,-76.16885375976562,20200210 22:43
53,1755,13,43.04054113019977,-76.11925439667283,20200210 22:43
53,1251,18,43.01462820301885,-76.1190830728282,20200210 22:43
53,1626,30,43.032402096372664,-76.1294463186553,20200210 22:43
54,1774,0,43.006038665771484,-76.16898345947266,20200210 22:43
54,1755,13,43.040981560422665,-76.11929696066338,20200210 22:43
54,1251,18,43.01462820301885,-76.1190830728282,20200210 22:43
54,1626,30,43.032402096372664,-76.1294463186553,20200210 22:43
55,1774,0,43.006038665771484,-76.16898345947266,20200210 22:43
55,1755,13,43.040981560422665,-76.11929696066338,20200210 22:43
55,1251,18,43.01462820301885,-76.1190830728282,20200210 22:43
55,1626,11,43.033422296697445,-76.12953995213364,20200210 22:43
56,1774,0,43.006038665771484,-76.16898345947266,20200210 22:43
56,1755,13,43.040981560422665,-76.11929696066338,20200210 22:43
56,1251,24,43.014211134477094,-76.11805725097656,20200210 22:43
56,1626,25,43.033980717734686,-76.12959483313182,20200210 22:43
57,1774,0,43.006038665771484,-76.16898345947266,20200210 22:43
57,1755,13,43.040981560422665,-76.11929696066338,20200210 22:43
57,1251,24,43.01371964164402,-76.11775705088739,20200210 22:44
57,1626,25,43.033980717734686,-76.12959483313182,20200210 22:43
58,1774,0,43.006038665771484,-76.16898345947266,20200210 22:43
58,1755,13,43.040981560422665,-76.11929696066338,20200210 22:43
58,1251,24,43.01371964164402,-76.11775705088739,20200210 22:44
58,1626,25,43.033980717734686,-76.12959483313182,20200210 22:43
59,1774,15,43.00537872314453,-76.1694107055664,20200210 22:44
59,1755,0,43.041174503794885,-76.11931596722519,20200210 22:44
59,1251,24,43.01371964164402,-76.11775705088739,20200210 22:44
59,1626,25,43.033980717734686,-76.12959483313182,20200210 22:43
60,1774,25,43.00537109375,-76.17030334472656,20200210 22:44
60,1755,0,43.041174503794885,-76.11931596722519,20200210 22:44
60,1251,24,43.01371964164402,-76.11775705088739,20200210 22:44
60,1626,25,43.033980717734686,-76.12959483313182,20200210 22:43
61,1774,25,43.00537109375,-76.17030334472656,20200210 22:44
61,1755,0,43.041174503794885,-76.11931596722519,20200210 22:44
61,1251,24,43.01371964164402,-76.11775705088739,20200210 22:44
61,1626,25,43.033980717734686,-76.12959483313182,20200210 22:43
62,1774,25,43.00537109375,-76.17030334472656,20200210 22:44
62,1755,0,43.041174503794885,-76.11931596722519,20200210 22:44
62,1251,15,43.010918087429474,-76.11625671386719,20200210 22:44
62,1626,23,43.03794439515071,-76.12997083521601,20200210 22:44
63,1774,25,43.00537109375,-76.17030334472656,20200210 22:44
63,1755,0,43.041174503794885,-76.11931596722519,20200210 22:44
63,1251,15,43.010918087429474,-76.11625671386719,20200210 22:44
63,1626,23,43.03794439515071,-76.12997083521601,20200210 22:44
64,1774,26,43.00551223754883,-76.17601013183594,20200210 22:44
64,1755,11,43.041554969653745,-76.11934434321888,20200210 22:44
64,1251,5,43.01081085205078,-76.11568790011935,20200210 22:44
64,1626,23,43.03794439515071,-76.12997083521601,20200210 22:44
65,1774,16,43.00558090209961,-76.177001953125,20200210 22:44
65,1755,11,43.041554969653745,-76.11934434321888,20200210 22:44
65,1251,5,43.01081085205078,-76.11568790011935,20200210 22:44
65,1626,1,43.03868120108078,-76.13004018299615,20200210 22:45
66,1774,21,43.005653381347656,-76.177978515625,20200210 22:45
66,1755,11,43.041554969653745,-76.11934434321888,20200210 22:44
66,1251,24,43.01144455219137,-76.11626855258284,20200210 22:45
66,1626,1,43.03868120108078,-76.13004018299615,20200210 22:45
67,1774,21,43.005653381347656,-76.177978515625,20200210 22:45
67,1755,11,43.041554969653745,-76.11934434321888,20200210 22:44
67,1251,24,43.01175567626953,-76.11659484863281,20200210 22:45
67,1626,1,43.03868120108078,-76.13004018299615,20200210 22:45
68,1774,16,43.00569152832031,-76.17884826660156,20200210 22:45
68,1755,11,43.04206547592626,-76.11939239501953,20200210 22:45
68,1251,26,43.01251362946074,-76.11709180928894,20200210 22:45
68,1626,1,43.03868120108078,-76.13004018299615,20200210 22:45
